ETS Model Parameters: {'smoothing_level': np.float64(3.5102030869527484e-08), 'smoothing_trend': np.float64(3.07664656110782e-08), 'smoothing_seasonal': np.float64(3.338314598305192e-08), 'damping_trend': nan, 'initial_level': np.float64(87.39558980314129), 'initial_trend': np.float64(0.9585005142219354), 'initial_seasons': array([  8.9129784 ,  -8.8089278 , -12.11897117,   5.6718844 ]), 'use_boxcox': True, 'lamda': np.float64(0.19008119458798634), 'remove_bias': False}

Test Set Metrics:
MSE: 24715055785131.574
RMSE: 4971423.919274192
MAE: 3884926.132250911
